	11635.FS.CIR2.001	11635.CIR61.001	11635.TW.BV.001	11635.TW.AM.001	11635.TW.CN.002	11635.TW.AF.001	11635.TW.BL.002	11635.TW.AU.001	11635.CIR52.001	11635.TW.CT.001	11635.CIR23.001	11635.TW.BN.001	11635.TW.CG.001	11635.CIR57.001	11635.TW.BZ.002	11635.TW.CS.002	11635.TW.EH.002	11635.CIR26.001	11635.TW.BK.001	11635.TW.DA.002	11635.TW.CQ.001	11635.TW.DY.002	11635.TW.CZ.001	11635.CIR5.001	11635.TW.DH.001	11635.TW.AI.001	11635.CIR4.001	11635.TW.DZ.001	11635.TW.DB.001	11635.TW.AQ.001	11635.TW.DQ.001	11635.TW.CP.001	11635.TW.CC.001	11635.TW.DS.002	11635.TW.AT.001	11635.CIR53.001	11635.TW.BM.002	11635.TW.DG.001	11635.TW.CF.001	11635.TW.AE.002	11635.CIR22.001	11635.TW.BO.001	11635.CIR60.001	11635.TW.BU.002	11635.TW.EE.001	11635.CIR58.001	11635.CIR41.001	11635.TW.AG.002	11635.TW.CW.001	11635.CIR20.001	11635.TW.AV.001	11635.CIR51.001	11635.CIR18.001	11635.TW.CU.002	11635.TW.AN.001	11635.TW.BD.002	11635.TW.CO.001	11635.CIR32.001	11635.TW.BA.002	11635.TW.AK.001	11635.CIR16.001	11635.TW.AX.001	11635.CIR6.001	11635.TW.DX.001	11635.TW.DI.002	11635.TW.AZ.002	11635.TW.CA.001	11635.TW.BJ.002	11635.CIR54.001	11635.TW.AP.002	11635.TW.DP.002	11635.TW.BI.001	11635.TW.CB.002	11635.TW.AR.001	11635.CIR55.001	11635.TW.DR.001	11635.TW.AY.001	11635.CIR7.001	11635.TW.BS.002	11635.TW.DJ.001	11635.TW.CK.001	11635.TW.BQ.001	11635.TW.AO.001	11635.CIR42.001	11635.TW.BE.002	11635.TW.DM.002	11635.TW.BG.001	11635.TW.BT.001	11635.TW.CV.001	11635.CIR21.001	11635.TW.DU.002	11635.TW.CE.001	11635.CIR19.001	11635.TW.AW.001
11635.FS.CIR2.001	0.0	0.675277497055	0.728870333086	0.611993958166	0.607328142113	0.693970103257	0.673630416361	0.798830121903	0.683867999436	0.743014128309	0.606130183823	0.656656069882	0.74643437565	0.533306246227	0.813618715234	0.595107361078	0.582932333166	0.517588998604	0.790806640883	0.667371117544	0.708787266158	0.702384340438	0.767527681632	0.629987418867	0.62427623499	0.741536049752	0.672456557858	0.615942836016	0.741079201125	0.690822215342	0.703230570097	0.689633277863	0.72423765219	0.632909760785	0.806685081322	0.5427130219	0.787029284306	0.810673235028	0.664390340196	0.593135964184	0.748141224944	0.703815466422	0.772314619079	0.683525990579	0.714328374271	0.51151359157	0.722662947331	0.675203438742	0.646391715822	0.496550696386	0.755029887939	0.69695844827	0.729186310931	0.668750320788	0.782006903844	0.506238298042	0.778266936258	0.630743737905	0.724013959562	0.616803039048	0.694306854077	0.719752974696	0.642664130957	0.738736346975	0.611500291052	0.730557618258	0.754872574424	0.634059825216	0.640634891234	0.787734704289	0.647188720326	0.837986791708	0.691904764209	0.750190741152	0.6084105507	0.671223021484	0.704354973469	0.666972350165	0.717988137082	0.709611431263	0.733029404213	0.805770602565	0.590815017207	0.61737894183	0.68384971389	0.617073880822	0.738552539303	0.651822704938	0.636179274934	0.754258860651	0.778448358063	0.567438887013	0.65278938075	0.587881938621
11635.CIR61.001	0.675277497055	0.0	0.871959398765	0.741883924012	0.768269634231	0.853911674945	0.846976442582	0.909848533895	0.81298086295	0.857505724093	0.749092017485	0.834540971957	0.897243971058	0.723403854677	0.921286811784	0.795912583394	0.747674462695	0.743997204765	0.915787441796	0.851519982402	0.853814080178	0.85698919381	0.902413217676	0.82438385003	0.77116908847	0.899770835523	0.850484318779	0.82168528238	0.905018885262	0.857980086247	0.863721030279	0.839214781247	0.873114015307	0.830834615289	0.908787053388	0.688414991586	0.914366459216	0.920145729873	0.851380807982	0.809274880466	0.88996251973	0.869740430043	0.892591461406	0.84458372262	0.871039431192	0.752975304225	0.858293597997	0.839780564872	0.843575840572	0.727263073348	0.846884621317	0.848311037264	0.860342064623	0.834892085854	0.907032800226	0.765275924098	0.89631376296	0.811246990475	0.870237403526	0.822443255249	0.874171571733	0.860869614621	0.822680300849	0.867547779305	0.823715261289	0.870890603178	0.866172420981	0.839526225682	0.818829110104	0.903570744042	0.846421222111	0.935037552151	0.886060328335	0.886787860686	0.782185642995	0.838716364452	0.858869147766	0.830520180935	0.874990328311	0.859224997673	0.877953480178	0.914350176333	0.783537639548	0.537294975722	0.658746892733	0.822872456237	0.875127881318	0.832391985292	0.820706477452	0.89235339084	0.911130516295	0.783192053631	0.8614373989	0.801667330947
11635.TW.BV.001	0.728870333086	0.871959398765	0.0	0.756206358076	0.70823749163	0.523685433835	0.546578228109	0.578818338951	0.689184426201	0.675488906063	0.699914680019	0.600324130894	0.6434445381	0.709974206702	0.631019149508	0.66965140768	0.738693805532	0.693396498532	0.58236004635	0.559154485604	0.596342262035	0.583088831549	0.576051864618	0.531821800487	0.699231175339	0.549168992516	0.55135510118	0.600651746987	0.594184450965	0.551517304673	0.566197155232	0.681096629695	0.558593616248	0.640017048509	0.606141823836	0.725349678	0.551869494421	0.604508316275	0.578989188647	0.600808424821	0.569184407561	0.492182360085	0.59950394311	0.636630469438	0.608629725019	0.634250645607	0.63384270364	0.573132090065	0.572036434086	0.702147909614	0.632559370585	0.547221956225	0.589038198745	0.629534121817	0.592983129246	0.624725936106	0.592451522923	0.617482223367	0.562620435897	0.613826059731	0.563035986011	0.494871672759	0.628143585679	0.580652107584	0.608815474837	0.492156444942	0.551648142657	0.605765442269	0.603441462825	0.585335504791	0.588563709398	0.633745054484	0.577803866692	0.547952109314	0.565555167905	0.63334007887	0.506321183039	0.621218950688	0.581720675322	0.596489204555	0.59040640282	0.656972006292	0.640304975144	0.82009291411	0.847262363378	0.624548186719	0.528283744916	0.636761624323	0.637807661426	0.593376726646	0.598459352095	0.565481312691	0.562946386813	0.589545760266
11635.TW.AM.001	0.611993958166	0.741883924012	0.756206358076	0.0	0.647366788005	0.702073074782	0.687281313999	0.811041330661	0.697630941922	0.718557022806	0.621315555661	0.702261071637	0.750171917058	0.60775779056	0.818690532265	0.661670597055	0.614267559466	0.613219413601	0.811227985822	0.722388539297	0.709100298456	0.715977540769	0.772992316683	0.604264659716	0.587291498351	0.770032136419	0.70776319569	0.635012576092	0.771571543164	0.722373893529	0.716800902935	0.743094562221	0.747372731678	0.640336434095	0.792248462324	0.672865438784	0.800893743023	0.826664953306	0.677838408931	0.659881981206	0.776835119658	0.711791046736	0.785476261987	0.693124491589	0.679611224287	0.625049828522	0.739605969056	0.702780150351	0.693010827767	0.595137068211	0.738631538123	0.742442698691	0.71870685364	0.709084630367	0.766858229412	0.641119923257	0.779847489923	0.626913023901	0.779391582587	0.670802601322	0.696396437086	0.725201240408	0.650584403944	0.721524555496	0.630745177529	0.760695846222	0.762831604645	0.663320647022	0.668022082389	0.790986198929	0.663391654717	0.85087110408	0.704994091881	0.760624663066	0.688795947251	0.656473953355	0.739016172627	0.677260491812	0.754030078313	0.721332610334	0.741786655303	0.785413636186	0.625789989092	0.71136619569	0.762100472541	0.655851741688	0.763430100354	0.674597097615	0.667430240569	0.788401414876	0.787741302425	0.646204637475	0.681635413306	0.631161709629
11635.TW.CN.002	0.607328142113	0.768269634231	0.70823749163	0.647366788005	0.0	0.691208137422	0.601738052072	0.794695389809	0.666286473515	0.660218473957	0.637749248873	0.697911602972	0.729357418013	0.519361409553	0.815457144348	0.618621027665	0.486925930599	0.585472261557	0.757731088773	0.700839320921	0.690575791682	0.666379801783	0.715889591985	0.621077486575	0.541106977171	0.736426831107	0.672505881725	0.58302599946	0.770824450219	0.680220375618	0.733196673134	0.664543841876	0.695911411965	0.56092763624	0.796791378038	0.621891227073	0.766663659723	0.809561691449	0.627977762817	0.616534412132	0.724524265288	0.70814203846	0.801465343202	0.72125865174	0.630600674756	0.497601986371	0.656629473268	0.691025250791	0.619330900203	0.55345522428	0.643438063104	0.684875080207	0.740009522655	0.660908753214	0.786670476809	0.543597232069	0.749285211477	0.657955049323	0.715497674829	0.582001241238	0.694502131489	0.695741568614	0.572271791662	0.731855047301	0.579894322037	0.70171472217	0.728418255508	0.635553172999	0.68611816121	0.777773963335	0.628595915929	0.819747002565	0.694912354704	0.715338350616	0.622339812084	0.564289312514	0.750274338364	0.659450466854	0.699576289829	0.662551162655	0.686563563812	0.81410565309	0.521509493792	0.70338616954	0.701235831288	0.542493518241	0.719064794797	0.57856802974	0.634555835673	0.774173553973	0.763101134067	0.529383735845	0.629571617311	0.647672493272
11635.TW.AF.001	0.693970103257	0.853911674945	0.523685433835	0.702073074782	0.691208137422	0.0	0.52741237101	0.653738630067	0.677625243204	0.617172090614	0.672736141542	0.576309880072	0.596215964558	0.661261106744	0.653563057857	0.617272625363	0.671848796165	0.63810893837	0.589646884513	0.570228333591	0.607469053463	0.536302129624	0.609739533897	0.610161501087	0.67381134992	0.529132326778	0.468398634019	0.514971685362	0.591984559613	0.518016690443	0.545625514427	0.634858711615	0.540235462928	0.585709006184	0.639715825347	0.679447982518	0.572789737667	0.643324639304	0.492035803249	0.584928654225	0.55437489736	0.562940556459	0.600284986273	0.637863953774	0.531549685608	0.602374452662	0.557643321345	0.520809933341	0.569774727777	0.655247344182	0.634104595009	0.553032695365	0.504784825077	0.611202575539	0.641647668057	0.563753818635	0.584053022355	0.593734583998	0.568250407432	0.551622865222	0.535481195482	0.487796394109	0.580213437421	0.558052987393	0.558775409287	0.534605860238	0.541152647358	0.575800777139	0.606370284514	0.586839724307	0.504229424451	0.673760482109	0.577549049338	0.577840403915	0.545302204399	0.606196884803	0.542672061618	0.58322155798	0.601552108319	0.609038464448	0.511790856675	0.666238906411	0.602905402581	0.799794688687	0.834696868281	0.557608419771	0.541922278379	0.585747428092	0.569528225221	0.577598843159	0.588104351054	0.563754704951	0.481199757451	0.57583020084
11635.TW.BL.002	0.673630416361	0.846976442582	0.546578228109	0.687281313999	0.601738052072	0.52741237101	0.0	0.646829450294	0.676823465457	0.576752421146	0.652584988116	0.581513638004	0.579226859143	0.62285626188	0.666364524111	0.559120203062	0.622461919199	0.634328791701	0.633417736002	0.53563633934	0.593950634914	0.57219961829	0.617509131573	0.574983396043	0.639933612637	0.556068443216	0.516169772785	0.504204059312	0.618330759839	0.555002317249	0.558402104646	0.597712091719	0.585465624457	0.518979851098	0.655075331994	0.687584184256	0.600771365296	0.645943966638	0.512826674228	0.528345552686	0.59914313733	0.564862334587	0.644830581278	0.68183202989	0.527116975817	0.566000937426	0.581197811408	0.550647744497	0.556832680342	0.623073201798	0.616280914593	0.551804122232	0.588746390956	0.561935370299	0.664388029283	0.403177422829	0.57542493792	0.633983174277	0.535865544385	0.49465501756	0.491218133615	0.519832213479	0.543741415882	0.62310308012	0.520037582157	0.532212182807	0.592304003993	0.54783627989	0.6096846216	0.619587681851	0.501165288079	0.701551538608	0.544319759404	0.623040924781	0.557925988885	0.543050954019	0.575482402403	0.601936737951	0.513391661224	0.564973183179	0.576942067567	0.668967257244	0.506002223326	0.802409369352	0.811780468618	0.528933662678	0.541563023468	0.501206839671	0.537467111026	0.598562540685	0.600957032149	0.499408021152	0.52987664219	0.54688905074
11635.TW.AU.001	0.798830121903	0.909848533895	0.578818338951	0.811041330661	0.794695389809	0.653738630067	0.646829450294	0.0	0.798178515757	0.73972384819	0.782939905293	0.678320131341	0.658963637085	0.781026481527	0.58802227932	0.740954868438	0.807995813603	0.783620106507	0.605711133722	0.61595551574	0.685103696791	0.663156302388	0.660423089071	0.70055386142	0.79928903116	0.634461063648	0.649894224334	0.699536248258	0.647287638145	0.619756943717	0.635307795161	0.741001574929	0.624778596778	0.738615588005	0.572809624889	0.787358006527	0.549974609072	0.570361177711	0.685446501964	0.6908618383	0.640996988031	0.605049224897	0.643856915914	0.665301826164	0.686510167793	0.731870109911	0.718277252458	0.629736854923	0.663889476076	0.793188704271	0.732745313751	0.638560952178	0.650826256358	0.745440766756	0.606254812447	0.733192029559	0.619205584161	0.735292362211	0.608519624211	0.711884192511	0.651756854683	0.586192256741	0.697195924215	0.698656484435	0.723974513204	0.563110686359	0.618361864364	0.684800115914	0.685545337602	0.607360446783	0.652614606615	0.603696592395	0.663121722391	0.643820401641	0.67382884542	0.714494043651	0.620472274326	0.726190584361	0.647401799105	0.654321802632	0.679234347618	0.604870986029	0.730609003911	0.87835862816	0.890465657822	0.715508469333	0.614410204417	0.713936242789	0.682776279529	0.650847283212	0.642631361261	0.671859307806	0.693214908035	0.683807357474
11635.CIR52.001	0.683867999436	0.81298086295	0.689184426201	0.697630941922	0.666286473515	0.677625243204	0.676823465457	0.798178515757	0.0	0.720322799733	0.553196183724	0.678171851652	0.733135854154	0.641950048963	0.797542159986	0.674439422641	0.686140716595	0.696329289517	0.764115904963	0.677158256669	0.696790376664	0.695061617271	0.721668038253	0.629655016661	0.652674928176	0.727915703813	0.669448289788	0.657909718408	0.699025087761	0.671972323616	0.71171424678	0.722431538608	0.735544515561	0.682339917039	0.790155804025	0.639693446961	0.765521690572	0.7972702172	0.665463979565	0.615200058998	0.716577994965	0.680506649143	0.759271359023	0.710626984222	0.692648897888	0.599406579776	0.694812385615	0.712604212387	0.629988801487	0.610142882962	0.718764606574	0.662863703568	0.73551581128	0.635351513452	0.769542430568	0.647694691824	0.727256003111	0.603421418016	0.702482136287	0.637337495171	0.713356896389	0.697701874756	0.660156454768	0.642088925705	0.608667028157	0.717933389395	0.725730988633	0.678473034169	0.671516219714	0.779677851056	0.687603176759	0.803801710725	0.66726511489	0.731707011264	0.612455498752	0.685653135031	0.701751011732	0.675985902189	0.690911987901	0.719621630848	0.707242978599	0.799997202172	0.687498357779	0.746059159526	0.744802504097	0.676056097705	0.706185542119	0.661062316436	0.688541173194	0.741637905289	0.716802153733	0.637222582487	0.646443070788	0.636626274903
11635.TW.CT.001	0.743014128309	0.857505724093	0.675488906063	0.718557022806	0.660218473957	0.617172090614	0.576752421146	0.73972384819	0.720322799733	0.0	0.710278549716	0.727869256942	0.660358537724	0.658588251298	0.726590214032	0.640209388662	0.644856814691	0.718976753045	0.725419656287	0.669904922627	0.669429693429	0.676614842008	0.737142594683	0.693546106621	0.663870303802	0.67216541125	0.582030073574	0.574935995956	0.676113490994	0.669861882235	0.716751944896	0.578309714393	0.598867786584	0.606879091376	0.724468294589	0.725180667776	0.679328781699	0.738728936585	0.620340419672	0.671868397267	0.679001230084	0.679183377841	0.712043511515	0.74965359992	0.607174405517	0.633517657922	0.624346711499	0.68594708994	0.680227118314	0.69132512313	0.672623356313	0.695550719656	0.645852884478	0.614749752682	0.740192828823	0.588810256813	0.646715538333	0.701576983053	0.676482457052	0.599933182298	0.60077953915	0.588903128179	0.580798067513	0.717380372301	0.655443570041	0.67131923179	0.676819273258	0.673547627157	0.724890759104	0.681778300732	0.60068624839	0.764745755627	0.714172448439	0.707236467634	0.648179554274	0.624888501399	0.690547964934	0.665084259529	0.680757397085	0.619470386083	0.631155283184	0.741755779183	0.548339420712	0.81019728571	0.831659429768	0.561297322993	0.67188419896	0.59229484934	0.546275051333	0.676842170894	0.664510758661	0.615916549608	0.639240192992	0.660886988619
11635.CIR23.001	0.606130183823	0.749092017485	0.699914680019	0.621315555661	0.637749248873	0.672736141542	0.652584988116	0.782939905293	0.553196183724	0.710278549716	0.0	0.658186531602	0.735864118617	0.634861994982	0.812088612029	0.619177306349	0.64582972826	0.644127643265	0.76241582794	0.664346631804	0.664646172561	0.695337558776	0.721427800249	0.602312225801	0.657834635089	0.708669358868	0.650325261414	0.601488939541	0.693292737821	0.686008081641	0.673899942417	0.727049305603	0.742102619805	0.640945470236	0.785126682127	0.599894233024	0.762263843413	0.793731408501	0.681768535743	0.544488658028	0.715642834841	0.678208053646	0.746017609945	0.715568284452	0.710852798555	0.452267262743	0.720462954593	0.644442987359	0.628507282773	0.521607383512	0.748276569413	0.659854077262	0.73767204133	0.665278529801	0.766999053303	0.633206204948	0.73340782938	0.588863396695	0.704480342503	0.667076442578	0.716956716217	0.69456679686	0.66600230495	0.662973999724	0.55035309933	0.702902889249	0.735315256068	0.605678828169	0.59752729746	0.775834926769	0.672465305184	0.817132288415	0.609671277632	0.751607088423	0.573741651242	0.650950953678	0.674528880831	0.65603253055	0.686538203118	0.674836442465	0.719453156892	0.787014239806	0.65594047735	0.685939106497	0.705386640333	0.681746134602	0.715226972669	0.650361069855	0.667298166869	0.731948027709	0.736036101908	0.594484650742	0.647156341037	0.542760442368
11635.TW.BN.001	0.656656069882	0.834540971957	0.600324130894	0.702261071637	0.697911602972	0.576309880072	0.581513638004	0.678320131341	0.678171851652	0.727869256942	0.658186531602	0.0	0.684531218364	0.673712773439	0.701397576796	0.606797065723	0.700207242619	0.605354047967	0.676931558994	0.615956731131	0.598670523523	0.576972764713	0.606113322867	0.609404820782	0.699980272951	0.59533217999	0.588377031711	0.624077231293	0.662800211861	0.526212116637	0.596147370154	0.700121806988	0.652724918367	0.651355182681	0.701845902722	0.680039290487	0.660062135059	0.691806923156	0.598390084731	0.567811042342	0.626598992309	0.580184828247	0.660865367434	0.627291002413	0.667169431629	0.633472593805	0.687134577923	0.534321544282	0.529012546826	0.624422221898	0.71309331747	0.56432550716	0.640373811293	0.666305227637	0.643091469609	0.597372335882	0.690061229766	0.552608485306	0.601649152709	0.605269941759	0.637699507987	0.599661628912	0.632999558759	0.624648059752	0.60006118939	0.590503905754	0.612862713764	0.579379328162	0.582048662637	0.652124260275	0.574767523971	0.750636931132	0.572718049245	0.676467880318	0.548594641859	0.654472556815	0.572667407685	0.615449803507	0.590896484122	0.666766311804	0.652477595977	0.697333573477	0.660937497776	0.787489210366	0.80348163105	0.626522868268	0.604039153527	0.61074228542	0.627681679598	0.658531643478	0.675431741245	0.577181176141	0.596146998437	0.550618299102
11635.TW.CG.001	0.74643437565	0.897243971058	0.6434445381	0.750171917058	0.729357418013	0.596215964558	0.579226859143	0.658963637085	0.733135854154	0.660358537724	0.735864118617	0.684531218364	0.0	0.714782995716	0.641651936886	0.672523424671	0.734197777139	0.726974882419	0.623047834911	0.617857133871	0.702731341768	0.624204195849	0.682414707311	0.6827093486	0.729124056811	0.660565552072	0.576258727375	0.625081217921	0.603860917244	0.622697272694	0.63030128518	0.688072140528	0.576016491687	0.64920625737	0.659557099313	0.765235261727	0.631613644669	0.663129940923	0.589188051197	0.677565634881	0.646014700672	0.657136114736	0.645848236746	0.737417714868	0.577930400638	0.685393724048	0.631257040823	0.656709356716	0.684917808907	0.737801903022	0.655240073541	0.657789111575	0.548825015981	0.664820009553	0.680013530702	0.624144411544	0.591692694376	0.731589929862	0.639085290922	0.602626413487	0.538666857407	0.578579311043	0.658893344335	0.653939538316	0.615476825299	0.63671560247	0.656344029329	0.6574281313	0.689117761286	0.626427002333	0.60830439187	0.678618728402	0.676770686939	0.640133272453	0.663488357359	0.64875497532	0.64094127617	0.686021895922	0.666401940285	0.629006606012	0.58524300668	0.69049367056	0.649365116815	0.831017016	0.874665166113	0.635994236451	0.642788182355	0.623159395351	0.60458794634	0.596868193908	0.547825784961	0.642863238886	0.614912644469	0.686081614449
11635.CIR57.001	0.533306246227	0.723403854677	0.709974206702	0.60775779056	0.519361409553	0.661261106744	0.62285626188	0.781026481527	0.641950048963	0.658588251298	0.634861994982	0.673712773439	0.714782995716	0.0	0.801005281759	0.611985037671	0.533703271951	0.581958257909	0.772597712692	0.664880651625	0.648939322777	0.666046139228	0.736137723557	0.617138619101	0.605435163097	0.725129693042	0.615179672327	0.588347648775	0.755473893267	0.648361810862	0.685056161405	0.648202830043	0.716422642186	0.57010404654	0.785245964969	0.614004535144	0.757230690107	0.790956639684	0.644587945075	0.641491819204	0.710834446837	0.715030943889	0.758149893918	0.708601283873	0.677682673745	0.501366002959	0.690818526924	0.644429832969	0.645506367256	0.540236882784	0.655394107926	0.676534176798	0.679503146031	0.649147231567	0.777489793747	0.549749175667	0.743050223803	0.647285572405	0.694223715154	0.5369279524	0.661102426183	0.672778343287	0.585094886711	0.700302793961	0.569122191475	0.6900782	0.714839441458	0.602110754353	0.657439944953	0.755852997687	0.630605208822	0.818566732259	0.689212851016	0.752109624014	0.609076213941	0.605756045928	0.720158408642	0.682867953429	0.693186483385	0.697363118733	0.685980112842	0.778537909094	0.561339974688	0.657738123001	0.713935076089	0.585559417891	0.690028955842	0.608106783334	0.660546275595	0.73649673439	0.734022195506	0.546029765754	0.63903184239	0.603331268625
11635.TW.BZ.002	0.813618715234	0.921286811784	0.631019149508	0.818690532265	0.815457144348	0.653563057857	0.666364524111	0.58802227932	0.797542159986	0.726590214032	0.812088612029	0.701397576796	0.641651936886	0.801005281759	0.0	0.762260764434	0.815828738528	0.768021310709	0.607729205441	0.600914181472	0.686906236409	0.664114312959	0.676407115881	0.717813181519	0.821367424591	0.622419061661	0.656837625921	0.735430152271	0.678405341831	0.659079109641	0.657950522287	0.742393496448	0.610980067042	0.743397792544	0.574979039764	0.805061814963	0.560502258205	0.624964271482	0.684849990438	0.706318608303	0.630308603447	0.649320955049	0.644398816869	0.718753957705	0.706132841852	0.75509325617	0.726292310196	0.657921064534	0.699578828566	0.81695069646	0.74426571369	0.680001521726	0.640167077874	0.742823415977	0.626516545973	0.76115885084	0.60473903115	0.731616207222	0.650913428319	0.729136423084	0.665160139121	0.598961684786	0.704196528586	0.673970632971	0.734720347003	0.578145673818	0.629490722143	0.701167590276	0.721297619577	0.58993745862	0.675605750634	0.626803574231	0.70033575293	0.623198588383	0.714163031619	0.749544354841	0.609660919074	0.737233577392	0.658250794998	0.680412587479	0.668925251106	0.598387234825	0.738572184746	0.897392194169	0.919964382763	0.72928103598	0.617742474919	0.73957883226	0.715569501424	0.653480490375	0.637835585601	0.725535153326	0.684487386514	0.725877610497
11635.TW.CS.002	0.595107361078	0.795912583394	0.66965140768	0.661670597055	0.618621027665	0.617272625363	0.559120203062	0.740954868438	0.674439422641	0.640209388662	0.619177306349	0.606797065723	0.672523424671	0.611985037671	0.762260764434	0.0	0.532192108706	0.544446171063	0.727462174192	0.639330966501	0.654802518817	0.618950458935	0.685285472719	0.646863989837	0.578410125437	0.654019198813	0.601500769237	0.584760408684	0.684390429797	0.674627575988	0.639729567284	0.605544534998	0.649989496458	0.556954933587	0.756239776567	0.613193794778	0.712026017696	0.759453718942	0.588313368922	0.534808499305	0.700511613308	0.613220358657	0.692430476436	0.684582662952	0.593812535066	0.527011914387	0.611435929348	0.613197481005	0.567429942043	0.582079014496	0.636437602362	0.682903397831	0.665001991331	0.532108275175	0.727516516115	0.52146320993	0.711355647457	0.653109946527	0.659517967332	0.523426984804	0.635684788674	0.64414739061	0.609306302296	0.683141969472	0.562933748599	0.65454548428	0.695141679368	0.617068418221	0.645940522631	0.729035927443	0.587815706352	0.796494058341	0.622234160406	0.696991294649	0.565814003474	0.59002914481	0.628469810008	0.600041590949	0.641224983931	0.620984127377	0.664926192422	0.767500027265	0.500269376188	0.73743730924	0.734646303064	0.51004886842	0.687535638789	0.486315211503	0.52050681718	0.683476058757	0.699323576442	0.471809237008	0.622044977104	0.543963382715
11635.TW.EH.002	0.582932333166	0.747674462695	0.738693805532	0.614267559466	0.486925930599	0.671848796165	0.622461919199	0.807995813603	0.686140716595	0.644856814691	0.64582972826	0.700207242619	0.734197777139	0.533703271951	0.815828738528	0.532192108706	0.0	0.497874203446	0.79755504949	0.677940113056	0.642680619637	0.675656061874	0.737819922327	0.658711913126	0.577077207915	0.721010191179	0.657340333741	0.596928179572	0.786752271765	0.671637339566	0.725477280338	0.628590099829	0.702001582258	0.538357003387	0.797091911932	0.590730750641	0.789844698958	0.811973272186	0.643410030543	0.651460577483	0.753532337456	0.709657212095	0.797738738887	0.721679676024	0.657513985957	0.52063934224	0.67034916604	0.677359592011	0.628060571688	0.568429314998	0.680398727337	0.731026392307	0.725903527343	0.661429998241	0.803656192511	0.541793195966	0.748544459185	0.694075370237	0.715485641029	0.572496288743	0.681326416281	0.693348037322	0.589891321546	0.743928106794	0.557684225172	0.727541504664	0.75570918409	0.594091816944	0.683883901902	0.772239501182	0.618837566793	0.844790628512	0.705823297694	0.757343350999	0.587129089162	0.554852194292	0.750094754543	0.662859492378	0.715969861415	0.702702774258	0.720780280902	0.816445882925	0.533223214003	0.697719285764	0.696223345684	0.548139860567	0.742031072354	0.592735456762	0.649518731882	0.785962602928	0.756917002702	0.5218449672	0.634007427432	0.617641273699
11635.CIR26.001	0.517588998604	0.743997204765	0.693396498532	0.613219413601	0.585472261557	0.63810893837	0.634328791701	0.783620106507	0.696329289517	0.718976753045	0.644127643265	0.605354047967	0.726974882419	0.581958257909	0.768021310709	0.544446171063	0.497874203446	0.0	0.75349174619	0.657750520602	0.633542914078	0.629650141184	0.710668808903	0.621666597084	0.642718113372	0.674597229504	0.625103339844	0.626073249654	0.731237368176	0.64767966614	0.648412352489	0.658922553249	0.661141232603	0.619317777135	0.76711051852	0.574344598281	0.735797213815	0.785169147588	0.588334911639	0.556449974512	0.688420314141	0.632752524506	0.726159417673	0.611498114159	0.691694855193	0.569348678044	0.690300165451	0.60150099939	0.610497702402	0.555584028054	0.695550263638	0.689271972986	0.683274116048	0.639807029944	0.726941432981	0.597668800765	0.727277917702	0.593608867001	0.687606190448	0.589664413503	0.676368432297	0.656954265616	0.596575053345	0.650035607631	0.593592546087	0.683069536951	0.696730359894	0.594171756864	0.614648816261	0.719584050712	0.597499387748	0.814896286967	0.664903143133	0.725720147359	0.590575691038	0.635259640101	0.66935467514	0.584720242141	0.651133346951	0.710132747883	0.683469594537	0.760554724605	0.589736911685	0.720917189252	0.74171624631	0.581468329584	0.691483550788	0.637895174227	0.627887375351	0.721229819187	0.734857479946	0.564563778501	0.621914443514	0.569019495489
11635.TW.BK.001	0.790806640883	0.915787441796	0.58236004635	0.811227985822	0.757731088773	0.589646884513	0.633417736002	0.605711133722	0.764115904963	0.725419656287	0.76241582794	0.676931558994	0.623047834911	0.772597712692	0.607729205441	0.727462174192	0.79755504949	0.75349174619	0.0	0.599601364711	0.695735155788	0.600928127073	0.58684291405	0.680937749997	0.77768804401	0.619293818118	0.607568344679	0.672003008045	0.611980458665	0.630307324754	0.637856360169	0.721184197159	0.61267794844	0.722087987074	0.560965002143	0.794512028355	0.54729666545	0.580340741668	0.660033137892	0.683796548736	0.605133603086	0.596630666709	0.642330859837	0.695230692213	0.629210892051	0.722199901979	0.666054808315	0.616336570132	0.668598142433	0.780568025204	0.705903507371	0.60625444497	0.627561022611	0.703034829248	0.59116809551	0.696234679075	0.644497265856	0.684915026734	0.61560357859	0.68090842232	0.609405894866	0.555158850934	0.67917831564	0.637932593834	0.692877520155	0.580264309741	0.581375305499	0.671551076192	0.679689483332	0.594675026528	0.625343531213	0.628849797984	0.644488330859	0.579447726516	0.685075665444	0.716594502233	0.621816010185	0.698628641166	0.625835715852	0.612741885465	0.625284534024	0.613519075274	0.704584279604	0.86392471488	0.88517619249	0.700064104505	0.569423611956	0.685481959343	0.688423288543	0.623321228156	0.594037724431	0.686024326477	0.601619733327	0.697326850011
11635.TW.DA.002	0.667371117544	0.851519982402	0.559154485604	0.722388539297	0.700839320921	0.570228333591	0.53563633934	0.61595551574	0.677158256669	0.669904922627	0.664346631804	0.615956731131	0.617857133871	0.664880651625	0.600914181472	0.639330966501	0.677940113056	0.657750520602	0.599601364711	0.0	0.585906188255	0.566940876501	0.587696162914	0.552554970103	0.686266901251	0.569373603842	0.5740495523	0.596685921601	0.604280136842	0.535461537951	0.594408105825	0.690653891745	0.625696451826	0.600747321563	0.632443271605	0.673280350635	0.579703250751	0.659827569736	0.622767189925	0.578821947356	0.60741580587	0.602243205546	0.63896637903	0.647804016751	0.649473983249	0.589324116908	0.64098818777	0.575922682702	0.589501781374	0.676241550269	0.674989023798	0.565767094271	0.63537399575	0.640354529839	0.615261930564	0.591129323621	0.622385044388	0.600827834539	0.607880714028	0.607743001184	0.576974543203	0.538070743973	0.579948636389	0.61576764138	0.589329416203	0.558994956479	0.588829873918	0.540464844404	0.587034848922	0.614717381066	0.53927891331	0.693181517883	0.576637636824	0.642122222494	0.554095278633	0.597825637274	0.574751237174	0.646501972781	0.545514236911	0.582631533784	0.628355214869	0.634840324215	0.626461619464	0.778484375196	0.850779362333	0.62679236337	0.573943458954	0.626833199315	0.620095900663	0.628441635666	0.604442667357	0.596912620031	0.519348289059	0.577285594311
11635.TW.CQ.001	0.708787266158	0.853814080178	0.596342262035	0.709100298456	0.690575791682	0.607469053463	0.593950634914	0.685103696791	0.696790376664	0.669429693429	0.664646172561	0.598670523523	0.702731341768	0.648939322777	0.686906236409	0.654802518817	0.642680619637	0.633542914078	0.695735155788	0.585906188255	0.0	0.601071007489	0.616610345872	0.595468974376	0.712495398453	0.599818961921	0.612536088839	0.607071518246	0.674586198478	0.568719349083	0.639543923033	0.673179098436	0.652125552988	0.620922894429	0.686273390904	0.685435188294	0.672389448313	0.712031186118	0.622902805062	0.592494043361	0.633082849014	0.602352794397	0.690590391384	0.626276008698	0.663975739702	0.573985493832	0.696187306673	0.5866150577	0.516056793967	0.664352238275	0.666998180714	0.566488377596	0.68632113296	0.673387688805	0.665037872789	0.615730321469	0.666310425595	0.607338109137	0.645867249525	0.633530666852	0.657709061067	0.594206745981	0.601323351975	0.628868809596	0.621581711649	0.613305215029	0.648237074811	0.555340732556	0.582226655622	0.645350120407	0.613730965184	0.756229678296	0.570923945109	0.71126102649	0.565279263969	0.617630492858	0.611382297044	0.653610745175	0.610219072579	0.654878528733	0.672544075398	0.682309061801	0.642524130036	0.828073742247	0.839847084899	0.615499569931	0.606431836682	0.656233508839	0.669951074009	0.662715299715	0.673880454145	0.581186842595	0.567653622139	0.548837113766
11635.TW.DY.002	0.702384340438	0.85698919381	0.583088831549	0.715977540769	0.666379801783	0.536302129624	0.57219961829	0.663156302388	0.695061617271	0.676614842008	0.695337558776	0.576972764713	0.624204195849	0.666046139228	0.664114312959	0.618950458935	0.675656061874	0.629650141184	0.600928127073	0.566940876501	0.601071007489	0.0	0.589591890709	0.58383111597	0.69740550975	0.58597429968	0.528102111284	0.620385582732	0.621089802349	0.547352503955	0.603981249835	0.685448605172	0.579027204579	0.622223336721	0.651550401229	0.679645253173	0.594364408516	0.628549876369	0.550849570623	0.58577589472	0.55239538171	0.550389901882	0.599678059591	0.655189601024	0.567348051385	0.609987533045	0.615208862736	0.57527597688	0.568822908906	0.658458792644	0.61868604261	0.574206166722	0.58646605645	0.612334364063	0.639276421894	0.600650921916	0.632492402007	0.605877204343	0.595400033243	0.56852805793	0.562658188726	0.511888820601	0.579564825239	0.584499763953	0.590120627779	0.581407316614	0.579492464492	0.516225635449	0.596216938302	0.598845591942	0.551587187309	0.704647538884	0.58484009011	0.578957214143	0.579678942985	0.606757890183	0.519401861287	0.545331014992	0.5397549943	0.588614429008	0.579857528343	0.641397495532	0.625337856336	0.818146019102	0.848863420472	0.573537482141	0.529792956135	0.568713622325	0.600941419964	0.57428414573	0.623877413177	0.555724248856	0.506145494962	0.587768690497
11635.TW.CZ.001	0.767527681632	0.902413217676	0.576051864618	0.772992316683	0.715889591985	0.609739533897	0.617509131573	0.660423089071	0.721668038253	0.737142594683	0.721427800249	0.606113322867	0.682414707311	0.736137723557	0.676407115881	0.685285472719	0.737819922327	0.710668808903	0.58684291405	0.587696162914	0.616610345872	0.589591890709	0.0	0.613320978096	0.746428391892	0.602424656808	0.63124061716	0.660836312026	0.653524122233	0.5793568353	0.656972375907	0.727766016856	0.639269291261	0.660524523504	0.663908692818	0.760370785011	0.605116636935	0.646473242306	0.674698022549	0.634480110846	0.600977786578	0.568768162735	0.68881021179	0.672642491434	0.618735726733	0.680869026258	0.69282865775	0.613222760833	0.609206684712	0.713978388762	0.68954379693	0.585529754984	0.669176156056	0.681267119749	0.596604336711	0.679791618993	0.659444593356	0.653630881038	0.659219195502	0.65854967469	0.633645680478	0.582989651526	0.630607334745	0.628679893036	0.646560010037	0.627750445163	0.638348945363	0.612948832851	0.656197028008	0.641472594624	0.613872884427	0.697794258878	0.584966466094	0.640477628345	0.629287052087	0.679671520611	0.598534766225	0.695284583406	0.616591587371	0.591862710499	0.662988937304	0.674076129107	0.682518296226	0.862836973485	0.862971866756	0.665262005839	0.597362600225	0.675855506821	0.6767175716	0.639108896031	0.625668441393	0.664373676871	0.578632867719	0.654031501501
11635.CIR5.001	0.629987418867	0.82438385003	0.531821800487	0.604264659716	0.621077486575	0.610161501087	0.574983396043	0.70055386142	0.629655016661	0.693546106621	0.602312225801	0.609404820782	0.6827093486	0.617138619101	0.717813181519	0.646863989837	0.658711913126	0.621666597084	0.680937749997	0.552554970103	0.595468974376	0.58383111597	0.613320978096	0.0	0.62978264016	0.628675592779	0.590339282515	0.529972186961	0.670405466983	0.579490609437	0.631144702196	0.689592703011	0.59310587007	0.563977626865	0.689042654784	0.645599628641	0.65200357186	0.713310975128	0.594265151949	0.558250452598	0.645168210296	0.535334222876	0.682574806461	0.639476574334	0.622600129137	0.554516017518	0.658251582848	0.597817013577	0.560071023245	0.601721318789	0.670509143307	0.544570672115	0.663784214318	0.671557759525	0.659856037171	0.585428181675	0.674914109107	0.488553077923	0.653723125399	0.620593645373	0.565398714012	0.581892573114	0.583977968926	0.63025385657	0.541016852388	0.60134688506	0.625245331157	0.470536465023	0.594969979391	0.687936512767	0.563537445273	0.721690505363	0.54212678061	0.632113220302	0.544746967858	0.565414115794	0.594821316319	0.612973448363	0.577640364985	0.598905465897	0.661865679036	0.713890244273	0.585901023904	0.749501157333	0.770808203328	0.63348839554	0.608878957449	0.622737469479	0.648773038789	0.685054692564	0.664791319752	0.533261254782	0.542549463811	0.558024091819
11635.TW.DH.001	0.62427623499	0.77116908847	0.699231175339	0.587291498351	0.541106977171	0.67381134992	0.639933612637	0.79928903116	0.652674928176	0.663870303802	0.657834635089	0.699980272951	0.729124056811	0.605435163097	0.821367424591	0.578410125437	0.577077207915	0.642718113372	0.77768804401	0.686266901251	0.712495398453	0.69740550975	0.746428391892	0.62978264016	0.0	0.734700214311	0.683977140505	0.594448184846	0.743576892026	0.714652422985	0.711395900789	0.693210299412	0.699607323409	0.630527120147	0.787322475652	0.684722593188	0.764544834777	0.816780917147	0.64628939137	0.64704998085	0.768930481581	0.667744917221	0.78368437492	0.694784966925	0.631605302527	0.570109333859	0.656335546615	0.726095830604	0.602528601777	0.597650489898	0.683045007517	0.722406477812	0.731588703539	0.605461162733	0.757770725741	0.576226405312	0.769824511794	0.638341616884	0.746869290809	0.576919377725	0.679411279731	0.707503117155	0.642411226057	0.728520579658	0.611603245496	0.734456471765	0.750170898541	0.67352275164	0.695920201063	0.795414348785	0.643568002235	0.821873166469	0.683456286034	0.740145168775	0.67388293908	0.608738650654	0.726834835728	0.625697866301	0.740938994417	0.690148450711	0.705146300025	0.831027963057	0.539262610597	0.665908639448	0.693225643508	0.573036203345	0.745894237141	0.568965244446	0.572627928834	0.754222577002	0.763288875947	0.564086834982	0.675158935034	0.627268747318
11635.TW.AI.001	0.741536049752	0.899770835523	0.549168992516	0.770032136419	0.736426831107	0.529132326778	0.556068443216	0.634461063648	0.727915703813	0.67216541125	0.708669358868	0.59533217999	0.660565552072	0.725129693042	0.622419061661	0.654019198813	0.721010191179	0.674597229504	0.619293818118	0.569373603842	0.599818961921	0.58597429968	0.602424656808	0.628675592779	0.734700214311	0.0	0.55397740329	0.613529014915	0.638451021616	0.535695621993	0.571843597646	0.689588296251	0.5997376146	0.618293034502	0.623755913811	0.754454353942	0.533430600551	0.639102599247	0.56789343421	0.592652295972	0.563282235189	0.572965693003	0.623766560007	0.64476569515	0.602974237013	0.64524356211	0.6448111992	0.526031287821	0.577439565373	0.694863789693	0.701335705616	0.571147707646	0.600502189788	0.661426114313	0.603392043631	0.606935097094	0.611991922129	0.648252219206	0.585073184368	0.602140865213	0.610232762309	0.539918359694	0.611692394951	0.591316666055	0.594541679274	0.549862026203	0.593929691184	0.600261738796	0.652244502334	0.606109680778	0.556335704552	0.685270481712	0.545130599181	0.608445556174	0.605974580593	0.674939518224	0.536396148104	0.655774413661	0.57451508086	0.623595201544	0.61183908322	0.656275547208	0.654526765495	0.859203012324	0.851416045773	0.624522218201	0.545287033937	0.645608907491	0.637107590397	0.602259963396	0.607054131066	0.596379201378	0.544399094076	0.604943869429
11635.CIR4.001	0.672456557858	0.850484318779	0.55135510118	0.70776319569	0.672505881725	0.468398634019	0.516169772785	0.649894224334	0.669448289788	0.582030073574	0.650325261414	0.588377031711	0.576258727375	0.615179672327	0.656837625921	0.601500769237	0.657340333741	0.625103339844	0.607568344679	0.5740495523	0.612536088839	0.528102111284	0.63124061716	0.590339282515	0.683977140505	0.55397740329	0.0	0.530508437341	0.56468948918	0.517898892528	0.556732247096	0.647456834752	0.536957694891	0.591773200894	0.668749666275	0.685178659123	0.601130818903	0.623500806461	0.488046691021	0.571292548401	0.493845175029	0.563520340693	0.575247008029	0.678184323801	0.547228162288	0.570439282358	0.538014055463	0.576924347233	0.600506067872	0.629992573269	0.570853787795	0.550522466829	0.498620467775	0.54611029637	0.659386168322	0.540803196627	0.540531279797	0.612653776941	0.543876081684	0.506119056127	0.536284996593	0.452267355787	0.571626293287	0.536520553812	0.545452146688	0.539056777501	0.55994321016	0.580567233798	0.630747091319	0.600168588855	0.564779160121	0.662666376908	0.626289015698	0.587790713755	0.569569244688	0.610983794614	0.524268704108	0.555242221546	0.576232941964	0.624740999138	0.48038555115	0.685913368911	0.585764350962	0.804027533822	0.831429981714	0.533342488962	0.549560166019	0.551512992629	0.553761893374	0.557234598542	0.560616444589	0.551155093074	0.510932065536	0.590416263178
